superevent_id	classification	distance	area(90)	vol(90)	HasNS	HasRemnant	BNS	NSBH	BBH	Terrestrial
S230529ay	NSBH	213.93727865275835	24219.08473471042	50167398.12908106	0.980829231308616	0.07214606012796915	0.30601513334446906	0.6240278234757632	0.0	0.0699570431797677
S230601bf	BBH	3552.5045471437315	2108.773739845072	4730898201.781095	0.0	0.0	0.0	0.0	0.9999999935572232	6.442776756543367e-09
S230605o	BBH	1071.2778456821331	1370.4735230101708	257890326.8103658	0.0	0.0	0.0	0.0	0.98770478	0.01229522
S230606d	BBH	1813.7419361208465	1286.3532268130791	772885065.2865533	0.0	0.0	0.0	0.0	0.999277956450759	0.0007220435492409916
S230608as	BBH	3161.0386623504446	2217.315759472181	4150179980.118046	0.0	0.0	2.6521932956095014e-24	5.421817374918003e-19	0.9998056109287473	0.00019438907125268745
S230609u	BBH	2779.7162639297762	1917.6130608645835	2801941038.128996	0.0	0.0	0.0	0.0	0.961466981	0.038533019
S230624av	BBH	2526.721682846106	1718.2026618672255	2062633624.6390564	0.0	0.0	0.0	0.0	0.953161104	0.046838896
S230627c	NSBH	279.6230489280549	89.66673826171959	425757.8068891869	0.0	0.0	0.0	0.4921113127134195	0.47773453167609714	0.030154155610483402
S230628ax	BBH	2048.8433920062603	704.915731176803	500433012.9990746	0.0	0.0	0.0	0.0	0.9999757910828331	2.4208917166923527e-05
S230630am	BBH	8662.667534097942	3641.7956511137945	40888511223.35524	0.0	0.0	9.896791560423668e-16	7.656199763323968e-14	0.9825057756089519	0.01749422439097048
S230630bq	BBH	1135.1457264810938	1975.5069221197175	433139099.3753173	0.0	0.0	0.0	0.000828221	0.968061153	0.031110641
S230702an	BBH	2547.834540863169	2518.797972916855	3155911833.717559	0.0	0.0	5.721838593993748e-23	9.76040385444119e-12	0.9999972350416713	2.764948568323433e-06
S230704f	BBH	2918.643682134578	1948.1377029861012	3351826507.612934	0.0	0.0	1.1904241311736438e-20	8.37264971934899e-19	0.9974491771640841	0.0025508228359159
S230706ah	BBH	2123.4397174832293	1552.9843312535695	1406503268.8382022	0.0	0.0	4.420867447273138e-18	2.7828529137534185e-16	0.9733323180266275	0.026667681973372215
S230707ai	BBH	3742.8542782664563	2714.087778686464	6873738027.856812	0.0	0.0	0.0	0.0	0.9510657	0.0489343
S230708cf	BBH	2024.0930538252742	2525.486272000937	2089200753.1645372	0.0	0.0	2.40713824302125e-22	2.3113331209517412e-10	0.989454090576771	0.010545909192095637
S230708t	BBH	3328.165296707801	2291.5909575184605	5282103403.347108	0.0	0.0	1.1673107552317844e-17	8.439042046204218e-16	0.9727404962904896	0.02725950370950947
S230708z	BBH	5749.367557040011	3111.41331196001	18660607232.200626	0.0	0.0	4.464246794331243e-16	3.254796044004244e-14	0.953955431911343	0.046044568088624005
S230709bi	BBH	4959.947121277938	2936.967414720071	12552317563.90184	0.0	0.0	2.979350189449235e-23	2.215103485973378e-21	0.9971993157118272	0.0028006842881728167
S230723ac	BBH	1666.1758737319071	1281.2202613860488	645368337.5965949	0.0	0.0	0.0	1.6473e-05	0.867174107	0.132809417
S230726a	BBH	2039.2718159604335	24218.97383011062	16601026495.843647	0.0	0.0	3.8818043107879957e-25	3.038812522528842e-23	0.9999998589269592	1.4107304080468452e-07
S230729z	BBH	1531.1901549760953	1427.8115553555767	612193530.9773793	0.0	0.0	1.686900110238534e-19	1.0474726072022376e-17	0.9970115962123625	0.002988403787637539
S230731an	BBH	1050.7037843486796	646.0235807753788	105683268.96604098	0.0	0.0	0.0	0.1838623882504885	0.8139519908482554	0.002185620901256069
S230802aq	BBH	434.1736165695687	24221.44560738046	398907630.11064255	0.08569595008756568	0.0001496935201401051	3.4911816230730146e-17	0.062349231125445236	0.9030120009153612	0.03463876795919363
S230805x	BBH	3809.1170378010484	2235.1056477446255	6143038104.179965	0.0	0.0	0.0	0.0	0.9997500609143566	0.0002499390856434136
S230806ak	BBH	4527.572993059854	3749.4387418643514	14687286317.310402	0.0	0.0	6.68974377854143e-20	2.678582929871309e-09	0.9974244087713245	0.0025755885500925446
S230807f	BBH	6640.775347332986	6087.861010091613	50064255528.84913	0.0	0.0	7.709956723248038e-16	5.975891496337405e-14	0.9531444746139138	0.046855525386025665
S230811n	BBH	2538.3398300839976	955.2448422292696	1070347212.2136039	0.0	0.0	0.0	0.0	0.9999781900061152	2.1809993884791545e-05
S230814ah	BBH	401.55131873080967	24222.225139549457	252081162.15132296	0.0	0.0	0.0	0.0	0.9999999999999799	2.0095036745715333e-14
S230814r	BBH	5416.089244578082	3753.1687902433146	21294518722.3447	0.0	0.0	0.0	0.0	0.9316934799569384	0.06830652004306159
S230819ax	BBH	4819.41891592281	4126.201748993819	17235701592.421055	0.0	0.0	4.811589372686276e-21	4.084920565817196e-19	0.9927880126144608	0.007211987385539187
S230820bq	BBH	4712.2231299020605	1974.8284074324417	8931310450.943647	0.0	0.0	0.0	0.0	0.9576683641601308	0.04233163583986921
S230822bm	BBH	6721.8316358252705	4472.162121850249	36755852509.955986	0.0	0.0	4.016238317276986e-16	3.116174861980671e-14	0.9811112910282248	0.01888870897174355
S230824r	BBH	4683.968664508097	2853.698941676446	11063228786.862362	0.0	0.0	0.0	0.0	0.9999708725139423	2.912748605765625e-05
S230825k	BBH	7028.6008256952355	2935.548026206011	23916324527.7366	0.0	0.0	4.404595818027344e-18	3.194325954971056e-16	0.9978452593333421	0.002154740666657551
S230831e	BBH	6629.014785297658	3325.6167808852906	24938787198.001526	0.0	0.0	6.817790815163856e-18	4.929964808279336e-16	0.9848856600312828	0.015114339968716806
S230904n	BBH	1190.470353588989	1857.6517936443722	425528279.4799758	0.0	0.0	3.4536281733174067e-18	0.0009143175337625946	0.9112745856421383	0.08781109682409916
S230911ae	BBH	1726.6943610272838	24221.13941277742	11404388218.227911	0.0	0.0	3.5171580962739975e-26	2.6033011266448696e-24	0.9999964149220332	3.585077966827832e-06
S230914ak	BBH	2816.4122690432564	1863.1427910911875	2576914310.428479	0.0	0.0	0.0	0.0	0.991666075628881	0.008333924371119017
S230919bj	BBH	1677.3173299410469	1026.639889743035	467593893.8888304	0.0	0.0	0.0	0.0	0.9996521656245423	0.0003478343754577118
S230920al	BBH	3137.9743860137805	2125.347022555532	3953688082.244901	0.0	0.0	0.0	0.0	0.9999894194286553	1.058057134473156e-05
S230922g	BBH	1861.6283546310272	509.9688750351693	323070525.06294966	0.0	0.0	5.937837279539936e-34	4.951815854249782e-32	0.999999999999983	1.6986412276764895e-14
S230922q	BBH	1103.5278630192377	3974.615225813176	674786053.012851	0.0	0.0	0.0	0.0	0.9999775936280579	2.2406371942063075e-05
S230924an	BBH	2216.324444752626	1150.4219552337913	970254197.1729519	0.0	0.0	0.0	0.0	0.9999806065524762	1.9393447523774476e-05
S230927be	BBH	1049.6111118325805	527.1523911073729	80988394.65551727	0.0	0.0	0.0	0.0	0.9996578739974026	0.00034212600259742043
S230927l	BBH	3341.125876945519	1851.134334250792	3770798063.732899	0.0	0.0	0.0	0.0	0.9757501063003873	0.024249893699612723
S230928cb	BBH	5557.191242628338	3093.138861524738	16624562561.291147	0.0	0.0	0.0	0.0	0.9999721212383053	2.7878761694744014e-05
S230930al	BBH	5084.35917466866	2798.9569804473617	13576362142.553509	0.0	0.0	2.2241150892849075e-17	1.649609635543844e-15	0.9939272388637214	0.006072761136276972
S231001aq	BBH	1555.141794986571	4091.466433862313	1655707762.2902782	0.0	0.0	2.766204781563856e-24	2.170215506727908e-22	0.9960470074647623	0.0039529925352377315
S231005ah	BBH	4079.2122988707733	2412.2451548698978	7761789809.05665	0.0	0.0	1.3900269634688149e-18	1.020090511515639e-16	0.998461512239961	0.0015384877600388425
S231005j	BBH	6154.237806821221	5110.534494560066	32253795834.04293	0.0	0.0	2.761184748620557e-20	2.3332930716612938e-18	0.9784436522909086	0.021556347709091428
S231008ap	BBH	3271.1764068569482	3290.478822512176	7384774395.408458	0.0	0.0	7.220512462698563e-21	5.414199172843872e-19	0.9985948440234867	0.0014051559765132504
S231014r	BBH	2829.8566817250858	1807.4571344961596	2941526239.6953087	0.0	0.0	1.990610479392102e-18	1.3801715181942883e-16	0.9920103866451037	0.00798961335489623
S231020ba	BBH	1102.3536088352878	1443.7821733761468	285907741.59808165	4.332755632582322e-08	0.0	0.0	0.08125855066318252	0.9117276203168267	0.007013829019990703
S231020bw	BBH	2791.879602303794	887.5054677890037	1653413606.424078	0.0	0.0	7.902891464001242e-35	7.072167673594281e-33	0.9996526605007555	0.00034733949924448115
S231028bg	BBH	3698.1784299878555	1178.6750141537352	2444612265.3321342	0.0	0.0	1.833375655069085e-96	7.593057087545582e-84	1.0	0.0
S231029y	BBH	3846.9151084994714	24219.777919287433	57971892483.54212	0.0	0.0	3.186386639897184e-26	2.772198254299933e-24	0.9999907534623184	9.246537681639744e-06
S231102w	BBH	4090.2331988697256	2554.8063946595	7158824319.127308	0.0	0.0	0.0	0.0	0.9999999999999997	3.3306690738754696e-16
S231104ac	BBH	1381.2635844466693	922.4095116373584	288539480.39750975	0.0	0.0	0.0	0.001966790198677641	0.9962760523301574	0.001757157471165005
S231108u	BBH	2229.4427866097503	1121.439433935198	987262714.7322965	0.0	0.0	0.0	0.0	0.9996844009571729	0.00031559904282707496
S231110g	BBH	1941.8370430458392	1094.8476800544865	751453396.2346615	0.0	0.0	0.0	0.0	0.9675441487642344	0.032455851235765554
S231113bb	BBH	4784.728434599916	2715.6247749255376	14305347937.046495	0.0	0.0	1.4830226192796797e-16	1.0596500990812777e-14	0.9646796856313857	0.03532031436860361
S231113bw	BBH	1419.8820368740226	1499.1224785440374	514198752.5521869	0.0	0.0	0.0	3.843263795628916e-13	0.9596034350323122	0.040396564967303594
S231114n	BBH	1947.091579911888	1507.8732418400296	1053865336.9720325	0.0	0.0	0.0	0.0	0.9998468328715363	0.00015316712846369374
S231118ab	BBH	4431.594350506986	3196.980739733242	12685146199.032328	0.0	0.0	0.0	2.073515625593716e-13	0.9852830995080658	0.014716900491726803
S231118an	BBH	1388.9778038272277	1048.2615299547285	343744883.2339003	0.0	0.0	0.0	0.014868754552434806	0.7428260157247952	0.2423052297227699
S231118d	BBH	2332.9299278248873	1062.6941053979983	1069279863.8245561	0.0	0.0	7.537704339431756e-19	9.414782373496384e-16	0.9998122327777414	0.00018776722225766207
S231119u	BBH	8193.400486749168	4239.68002539686	44285227005.43591	0.0	0.0	0.0	0.0	0.9545699889350915	0.045430011064908515
S231123cg	BBH	1127.274748604809	2714.3045096922265	536385954.3858443	0.0	0.0	0.0	0.0	0.9999923972950012	7.602704998777021e-06
S231127cg	BBH	4744.2354659698385	3284.008998567844	13514815406.117832	0.0	0.0	2.621351222792652e-22	1.996296203465784e-20	0.9955590796043842	0.004440920395615833
S231129ac	BBH	5910.564256405598	3175.3072512713015	20185668231.772915	0.0	0.0	2.014593672532332e-11	5.636026342569505e-09	0.9859787430709316	0.014021251272896107
S231206ca	BBH	3214.918187382143	1986.3731743393514	3704434204.763557	0.0	0.0	2.7712320693090133e-25	7.97763567194698e-20	0.9999815957562007	1.8404243799285958e-05
S231206cc	BBH	1259.1231581466704	445.12570451465194	104711831.07608765	0.0	0.0	0.0	1.1609442144219883e-52	1.0	0.0
S231213ap	BBH	2844.9817409553984	2105.941066814677	3184294827.3201733	0.0	0.0	0.0	2.0080409287893234e-09	0.9999780969281209	2.1901063838147827e-05
S231223j	BBH	1826.6598440712967	3341.8302046600006	2050866410.9541073	0.0	0.0	2.4612632389716566e-21	1.6985729631920917e-19	0.9990506145887423	0.0009493854112576638
S231224e	BBH	902.6398841131137	519.946001343605	58345931.87625295	0.0	0.0	0.0	1.569900615053874e-24	0.996602725	0.003397275
S231226av	BBH	1041.4773994367738	244.12792803687114	34483339.2031934	0.0	0.0	2.741164996279847e-257	2.859181459477976e-255	1.0	0.0
S231231ag	BBH	1099.0157475169922	24218.318638627148	3700542704.5131865	0.0	0.0	1.006926234864147e-33	3.8896552216509164e-28	0.9999999708480558	2.9151944191951884e-08
S240104bl	BBH	1754.104957517013	24219.024333604706	10803688219.081717	0.0	0.0	7.127981617973248e-39	3.0438933863508963e-28	0.9999999997851491	2.148509148369726e-10
S240107b	BBH	3843.936275115316	3960.590072330789	10920636063.097347	0.0	0.0	2.1278912204390906e-11	9.373011169056125e-09	0.9663456907463105	0.033654299859399384
S240109a	BBH	1500.928191157714	24219.892456470716	8385929021.727976	0.0	0.0	1.2080903825160989e-24	8.597701650892804e-23	0.9946635664454825	0.005336433554517517
S240413p	BBH	509.7448609327386	38.09015132870471	992824.9230786049	0.0	0.0	0.0	1.1655003401245998e-19	0.9802851165817024	0.019714883418297635
S240422ed	NSBH	209.00389074875756	403.5214546005256	1087076.1353453042	1.0	0.9949225182638591	1.0351710548560264e-16	0.999986151010447	7.235379608546062e-16	1.3848989552256441e-05
S240426s	BBH	443.50370004586136	4389.120250038919	88433976.4833754	0.0	0.0	0.0	6.275663561630672e-11	0.9826443572277064	0.017355642709536934
S240428dr	BBH	764.9782977327317	285.5123038311955	19268312.68887102	0.0	0.0	1.5321871564450037e-43	1.1475700461137866e-41	0.999999899063289	1.0093671098942991e-07
S240430ca	BBH	8471.981970782243	5091.515726396017	55905527392.953835	0.0	0.0	0.0	1.965235114639847e-08	0.9609562499426865	0.03904373040496234
S240501an	BBH	4777.942888838025	1457.58962594683	6464175219.998999	0.0	0.0	0.0	8.735185842211886e-14	0.9999871303028254	1.2869697087247722e-05
S240505av	BBH	4014.1235754501386	1781.8074169309702	6118742745.946699	0.0	0.0	3.422817486034206e-13	3.496267088553053e-08	0.9852729500274285	0.014727015009558309
S240507p	BBH	1347.461065425233	1236.6606158408072	505609836.49490803	0.0	0.0	2.623763922794792e-15	2.2540894926398188e-10	0.9996899659581417	0.0003100338164466754
S240511i	BBH	1891.2918649895978	116.69200635175771	65788425.027391344	0.0	0.0	0.0	2.746822426853037e-13	0.9999830011866666	1.699881305872175e-05
S240512r	BBH	1073.2846647914796	361.8928751092265	61727322.52992969	0.0	0.0	0.0	0.020476144716649648	0.9777915223761593	0.001732332907190992
S240513ei	BBH	2295.3300374940377	361.85341097843235	332027631.75384706	0.0	0.0	2.5058159172534384e-33	2.2281499195888433e-25	0.9997284383760754	0.0002715616239246099
S240514c	BBH	3677.4448107824837	24218.82388927224	59185479074.26849	0.0	0.0	0.0	0.0003950843290570767	0.9932448127380096	0.00636010293293332
S240514x	BBH	2447.949201406751	270.52259784199407	280218099.052633	0.0	0.0	0.0	3.042134728877678e-29	0.9999817812626888	1.8218737311226363e-05
S240515m	BBH	3534.130392215778	978.1903210608534	2476797103.6317296	0.0	0.0	2.9867100010133488e-28	2.385569909024657e-26	0.9999999999999569	4.3076653355456074e-14
S240520cv	BBH	1266.9635212821283	370.04205982520176	115251733.41040355	0.0	0.0	0.0	0.031430040949648276	0.9668201480122182	0.0017498110381335419
S240525p	BBH	5277.980740695931	1910.222457462712	10566247960.526468	0.0	0.0	2.266423749803882e-12	7.564635215308353e-09	0.9882346874731851	0.011765304959913347
S240527en	BBH	7165.618626811686	1778.815715900425	15664769406.259432	0.0	0.0	0.0	0.0008984103265175224	0.999074803615015	2.6786058467509477e-05
S240527fv	BBH	1104.2515096173177	25.838399129941354	4737066.207278815	0.0	0.0	7.91357367199417e-14	8.2851118505232e-10	0.9903634700746035	0.009636529096806123
S240530a	BBH	1186.2975566174225	984.2908656335685	316662995.8512418	0.0	0.0	3.729410921769972e-14	1.8811243463505872e-11	0.9951805663352796	0.004819433645871785
S240531bp	BBH	4316.842600985201	1648.39687275717	6341156291.5487795	0.0	0.0	0.0	9.997059385126347e-12	0.9999935106968072	6.489293195799384e-06
S240601co	BBH	1363.895740651716	1079.7026528593437	378743404.1102524	0.0	0.0	0.0	0.0018838358952113522	0.9978909871047886	0.000225177
S240615dg	BBH	1322.3869458089628	8.056908553871658	1860030.5083814722	0.0	0.0	0.0	2.6383659951116494e-65	0.9999833274557517	1.667254424830844e-05
S240615ea	BBH	3400.4083391261565	974.3526597982882	2236909203.9030714	0.0	0.0	0.0	7.456382858784337e-13	0.9993827947738477	0.0006172052254065363
S240618ah	BBH	7753.657719901605	5360.380230998236	52514792267.41064	0.0	0.0	0.0	1.6221979343432606e-05	0.9623081475539678	0.03767563046668876
S240621dy	BBH	1180.6944655964846	34.063994623991384	6996494.423770821	0.0	0.0	0.0	4.4744482294867354e-99	1.0	0.0
S240621eb	BBH	4377.20503002772	1776.6544544406645	6891558473.301307	0.0	0.0	0.0	1.6985079977107557e-09	0.9987316159732078	0.00126838232828419
S240621em	BBH	8637.685251173825	3223.306707873741	37410252625.89972	0.0	0.0	0.0	6.953966180844242e-06	0.9607027619964514	0.03929028403736767
S240622h	BBH	1650.615567880569	271.22883165641474	138881122.33440417	0.0	0.0	1.3993309900628152e-17	6.280689025787887e-13	0.9853832416027131	0.01461675839665888
S240627by	BBH	1465.9644660383103	933.850909859247	408641877.50943696	0.0	0.0	9.253886996371324e-19	0.00010051232677958175	0.9915116466041664	0.008387841069054103
S240629by	BBH	1201.385826481702	220.7911105421218	52070750.30228671	0.0	0.0	0.0	0.08383800946061921	0.9146617931721635	0.001500197367217293
S240630t	BBH	3000.25141561267	1032.6071307344153	1968303659.0266552	0.0	0.0	2.786101519129276e-23	2.014194284129316e-21	0.9999967037665562	3.296233443750296e-06
S240703ad	BBH	2651.790520679213	11462.663242858423	17895902162.29047	0.0	0.0	3.16518755431053e-20	2.3631049667016158e-18	0.9999997191938531	2.808061468906331e-07
S240705at	BBH	3564.18208340114	723.996024233959	1671815912.6784208	0.0	0.0	0.0	0.0	0.999999992	8e-09
S240716b	BBH	2393.7186223727213	8871.889843913588	9278783076.801048	0.0	0.0	1.3292938537873685e-34	1.1130723072181652e-32	0.9999999964011067	3.598893294487482e-09
S240807h	BBH	1035.9448158406174	13078.300558329962	2266352276.0555687	0.0	0.0	7.82971187102233e-20	0.00010181271123842453	0.9998658270073829	3.2360281378651656e-05
S240813c	BBH	1221.3107139797776	13781.666865024094	3602278122.3547935	0.0	0.0	1.9424066863423593e-20	6.788564600555213e-05	0.9977751307983372	0.002156983555657188
S240813d	BBH	1063.081775856736	1776.314824255319	280127253.43382794	0.0	0.0	3.277714241205489e-75	1.0060594488251936e-22	0.9999999999884843	1.1515677300621974e-11
S240825ar	BBH	1329.7068327213174	1202.8683113823065	393307899.7776203	0.0	0.0	0.0	0.025584061078504198	0.9652913494759712	0.009124589445524633
S240830gn	BBH	1216.5462040365696	825.282276493677	223741029.99623543	0.0	0.0	0.0	0.10555124594622292	0.8913222818272336	0.0031264722265434974
S240902bq	BBH	3424.559280264473	922.6577252305158	2209249857.7963033	0.0	0.0	0.0	0.0	0.999900758751817	9.924124818294633e-05
S240907cg	BBH	5256.319469418737	1768.5768338574562	9332976546.019888	0.0	0.0	8.05484107525264e-21	6.029398637898919e-19	0.9991351854097086	0.0008648145902914184
S240908bs	BBH	4110.120716873238	780.0914385634195	2850651172.9298697	0.0	0.0	0.0	0.0	0.9999863342122511	1.366578774886218e-05
S240908dg	BBH	4155.642079530464	2190.865502609183	8796352705.427654	0.0	0.0	1.8013299896198637e-17	7.670592146401026e-14	0.9504049321364886	0.049595067863434705
S240910ci	BBH	643.3623126327608	369.9470410921177	16556913.01074654	0.0	0.0	0.0	0.30753990231181055	0.6909208731549286	0.00153922453326083
S240915b	BBH	864.3681643040719	71.27979732187633	6721635.033579949	0.0	0.0	0.0	0.13947870596316314	0.8589937380059585	0.0015275560308783964
S240915bd	BBH	652.9259259171307	5115.457519159994	289589959.65386146	0.0	0.0	4.632905419024944e-41	0.0004169423528317405	0.9995829426138032	1.150333650556945e-07
S240916ar	BBH	1483.3780599393604	1191.8287263422917	510201558.3755235	0.0	0.0	0.0	1.0250883697404202e-10	0.9870158440001257	0.012984155897365457
S240917cb	BBH	8437.603362132213	3662.8453779329298	40773819573.09803	0.0	0.0	0.0	1.320818134750267e-07	0.9596096715581844	0.04039019636000196
S240919bn	BBH	1833.9943339040776	21.22846977257063	11782579.20476712	0.0	0.0	0.0	0.0	1.0	0.0
S240920bz	BBH	1654.8829040293722	544.8588581974288	263304217.55616498	0.0	0.0	0.0	0.0	0.9997161435138502	0.00028385648614981385
S240920dw	BBH	949.6452303398167	189.07558432185442	20755593.89915903	0.0	0.0	0.0	8.509433720629186e-55	1.0	0.0
S240921cw	BBH	1053.3367785277997	5011.731392384046	1505389935.0272315	0.0	0.0	1.5342092813664302e-26	1.0761733471356471e-24	0.9992223704070052	0.0007776295929947663
S240922df	BBH	1165.4938154976444	486.8943975797705	111446394.57627532	0.0	0.0	1.4305917944530776e-31	2.22805392293389e-05	0.9999777194607707	0.0
S240923ct	BBH	4802.129560315667	523.3625810237695	2244800948.411249	0.0	0.0	1.505870810904546e-21	1.2033794091079839e-12	0.9999999970834604	2.9153360836531306e-09
S240924a	BBH	4694.047584159923	1325.856361899455	6001458120.164895	0.0	0.0	0.0	0.0	0.9999287607458344	7.12392541656337e-05
S240925n	BBH	331.4681693353555	39.9203373395556	268987.0045605943	0.0	0.0	0.0	0.0	1.0	0.0
S240930aa	BBH	1397.9768086369515	457.15650712698607	146879110.327523	0.0	0.0	1.6692428377547245e-46	1.2354468954765774e-44	0.9999999999982571	1.7429391263590333e-12
S241002e	BBH	1556.334995110174	1236.5378414729744	659552935.8794545	0.0	0.0	5.0461579391095235e-30	4.224986583493295e-28	0.9999999999999895	1.0547118733938987e-14
S241006k	BBH	1894.8577251545198	263.25367397843274	158945686.3035824	0.0	0.0	4.689138617855957e-60	3.988151220815827e-58	1.0	0.0
S241007bw	BBH	4303.163518340076	967.0275597634574	3733393235.556495	0.0	0.0	7.947107032062668e-21	5.951924935346963e-19	0.9880516548898469	0.01194834511015308
S241009an	BBH	1181.2906256341844	541.6002949672767	149276115.3751633	0.0	0.0	5.524069229570937e-14	2.353269271830036e-11	0.9999971447675894	2.8552088227051797e-06
S241009em	BBH	3382.535804698817	813.0805801651754	3758935032.9534435	0.0	0.0	6.700289072424766e-22	5.096695238194661e-20	0.9975498958849841	0.002450104115015894
S241009l	BBH	6586.634455567759	2544.2503864103446	20906126048.90605	0.0	0.0	0.0	1.4203307981992398e-09	0.9752039101740193	0.02479608840564984
S241011k	BBH	231.90664667654727	75.98766591515377	200327.6579755979	0.0	0.0	0.0	2.6405700175794715e-40	0.9999999999999999	1.1102230246251565e-16
S241101ee	BBH	1981.2482223266518	9937.99955040402	7256073822.721957	0.0	0.0	2.877074413385517e-26	3.4913852487987344e-11	0.999979426448881	2.0573516205102393e-05
S241102br	BBH	354.27941273077033	44.87721570212758	361365.75005755	0.0	0.0	3.5277724299018267e-94	0.007866491794603327	0.9921335082053966	1.1102230246251565e-16
S241102cy	BBH	2803.1197464009206	1068.8281808290922	1619909392.3644598	0.0	0.0	0.0	0.0	0.9989328188084302	0.0010671811915697882
S241109bn	NSBH	582.3310043552082	10353.07326493056	383775257.616001	0.00019821925431274347	6.956037840845853e-08	0.0	0.7196986259684788	0.27753662451734357	0.0027647495141776
S241109p	BBH	2783.4209178404617	6741.042573671849	10349567823.003675	0.0	0.0	0.0	2.560800472019422e-16	0.9999171495228818	8.285047711786842e-05
S241110br	BBH	788.4293297259682	243.93665254554924	22078396.52470432	0.0	0.0	1.317079769224291e-10	7.52508822854617e-08	0.9962528968593208	0.0037470277580888833
S241111bn	BBH	1392.0196669797492	472.06461601891823	154050851.4484346	0.0	0.0	1.143195619415992e-42	3.321654776773207e-33	1.0	0.0
S241113p	BBH	1384.2098156190698	11071.636774863804	3601920296.700233	0.0	0.0	2.2931768141773675e-34	1.5959153788785547e-32	0.9999999601740601	3.982593987927885e-08
S241114bi	BBH	771.786444004793	9934.097382909156	772197002.7147956	0.0	0.0	0.0	0.09370245813775595	0.9062971250185916	4.168436523732666e-07
S241114y	BBH	3437.641289269174	537.9138320959837	1503806825.6907845	0.0	0.0	0.0	7.948358931220141e-13	0.9999997550053029	2.449939022763914e-07
S241116cq	BBH	4330.654086992395	2221.775628232351	8380143053.948671	0.0	0.0	0.0	0.0	0.9999170564456038	8.29435543961976e-05
S241122a	BBH	5693.971028061528	24219.472934525325	120139235041.81413	0.0	0.0	0.0	1.944742261541494e-12	0.9554958751859394	0.04450412481211585
S241125n	BBH	6363.21748168599	2366.8143611751852	16212049301.922634	0.0	0.0	0.0	0.0	0.9999885425895852	1.1457410414750235e-05
S241127aj	BBH	730.3143506673058	80.16154748412805	5336509.800271619	0.0	0.0	9.898892853240835e-202	2.3381405178060665e-199	1.0	0.0
S241129aa	BBH	2274.8610950597804	501.96144663708066	479489824.94413096	0.0	0.0	0.0	0.0	1.0	0.0
S241130be	BBH	1337.0966995588917	1301.11430848578	431005142.363519	7.843606870260557e-05	0.0	0.0	0.0	0.999374081	0.000625919
S241130n	BBH	2023.7141994463689	543.463426591964	450098720.8770478	0.0	0.0	0.0	0.0	1.0	0.0
S241201ac	BBH	9382.075030182395	3425.2246773658276	47768253525.92412	0.0	0.0	5.340415748365552e-18	4.2570052841856857e-16	0.9674787924980487	0.032521207501950866
S241210cw	BBH	1903.2123426543328	1001.6198287852826	679305719.545578	0.0	0.0	2.1294364684549286e-26	2.686445130717365e-18	0.999948984775458	5.1015224541983706e-05
S241210d	BBH	7403.274003978287	4582.785545733923	43749329929.04208	0.0	0.0	3.975112489798327e-10	2.2069737677892297e-08	0.966946002685855	0.033053974846896095
S241210fu	BBH	4780.763264628327	3101.488918913143	13669624952.281157	0.0	0.0	0.0	2.1874672890282594e-10	0.9793297256988168	0.02067027408243638
S241225c	BBH	625.0721407681845	5488.625890129555	217903713.2963421	0.0	0.0	0.0	1.1544159671739258e-35	0.9999999919605154	8.039484633570737e-09
S241225v	BBH	2225.164299295513	923.2812179865231	716728403.8165894	0.0	0.0	0.0	6.271930470431774e-35	0.9999999999999853	1.4654943925052066e-14
S241230bd	BBH	2691.134586495073	10805.887480192598	14936271268.870838	0.0	0.0	1.8718403328850398e-32	1.588741675082034e-30	0.9999998446812491	1.5531875086072233e-07
S241230ev	BBH	5511.423084399018	1403.4699762712862	8526577451.909417	0.0	0.0	0.0	0.012945909289041402	0.9707239610684114	0.016330129642547098
S241231bg	BBH	799.0288164979063	216.71791366763938	18402858.577708464	0.0	0.0	0.0	1.0992586707190351e-42	0.9985161271982316	0.0014838728017684266
S250101k	BBH	3021.4862731717058	1125.8621017618132	2369303621.921765	0.0	0.0	0.0	0.0787094464899978	0.8821564488562369	0.03913410465376521
S250104v	BBH	5392.221819192189	1620.7039373531748	8454184354.248672	0.0	0.0	1.8544833063307938e-19	1.4617120326600948e-09	0.9999982611635887	1.7373746993287753e-06
S250108eo	BBH	2811.6040130801457	938.2305938611279	1471739695.22311	0.0	0.0	0.0	5.361578768907928e-13	0.9999741817443663	2.581825509762048e-05
S250109bi	BBH	1231.6590645293913	8841.226623609426	2393571130.2626915	0.0	0.0	1.554925285892458e-17	6.862168710207601e-09	0.9846096775141557	0.015390315623675432
S250109f	BBH	3243.034325029009	613.5689519375368	1308507034.3831458	0.0	0.0	0.0	9.712900597224746e-13	0.9999956395409769	4.360458051855254e-06
S250114ax	BBH	474.2214381775884	37.12304054469005	694875.5534166027	0.0	0.0	0.0	3.442358659140948e-32	1.0	0.0
S250118az	BBH	1328.0906160807888	1219.1803307337132	399206305.56195945	0.07343516903032186	0.0	4.726926934741242e-24	0.0007950441640160531	0.9918648592819699	0.0073400965540140195
S250118dp	BBH	2067.1774933090846	1136.4662993087923	1003667744.3330553	0.0	0.0	1.448294062899638e-39	1.285387586353944e-37	1.0	0.0
S250118t	BBH	8069.12614080166	2393.3569201719865	24977799226.338737	0.0	0.0	6.193042406792461e-19	4.697507852302848e-17	0.999610219770489	0.000389780229510972
S250119ag	BBH	2604.3626210479656	621.5688272346429	806710048.15076	0.0	0.0	0.0	0.0	0.9999984987379459	1.501262054115493e-06
S250119cv	BBH	477.7178652625947	17.48958372794456	408226.8286638412	0.0	0.0	0.0	0.0	1.0	0.0
S250202cu	BBH	5476.895979419192	4327.221647775431	24557288578.84087	0.0	0.0	1.2466017097087266e-15	9.024350547559485e-14	0.9901415415731157	0.009858458426792782
S250204ax	BBH	2507.135728966984	813.9462782215844	1083071015.6951687	0.0	0.0	2.5560647148095402e-25	1.2912743862508889e-16	0.9997369500400661	0.00026304995993364777
S250205bk	BBH	790.1700295113349	93.81981107321937	8074141.958811742	0.0	0.0	0.0	0.01442326712636435	0.9783904619324221	0.007186270941213602
S250205ee	BBH	2833.8601796417474	2349.837826687631	4102615977.4595413	0.0	0.0	0.0	4.095674691213305e-11	0.9982763171557169	0.001723682803326465
S250206dm	NSBH	404.290269061033	1543.6836811299502	23636301.357941825	0.9958433734939759	0.12943393574297188	0.37286754338563227	0.5504668199446351	0.0	0.07666563666973258
S250207bg	BBH	547.9261985438804	110.02459582263327	2597260.976632557	0.0	0.0	0.0	8.494887765130385e-126	1.0	0.0
S250208ad	BBH	3404.225960207288	1749.5318633034078	4540063633.318931	0.0	0.0	3.4690106117963226e-13	1.0354128019195471e-08	0.9996275272244304	0.000372462421094788
S250211aa	BBH	1353.1757581368033	356.2770812590348	116651069.30242535	0.0	0.0	4.738998921791268e-18	7.1170992590417225e-16	0.9999999999677495	3.224986944161401e-11
S250211be	BBH	3492.8438290276613	1530.496437685676	5110951226.378588	0.0	0.0	0.0	7.353342704307854e-10	0.9872259993585389	0.01277399990612682
S250223dk	BBH	6015.979110850537	3203.243708286655	22203197063.459145	0.0	0.0	1.8525508826436897e-16	1.3367669431353486e-14	0.07988696763057104	0.9201130323694154
S250226dl	BBH	3528.357458016855	1479.4299770574778	3483716876.225142	0.0	0.0	0.0	3.507012395781033e-17	0.9999975714183902	2.4285816098146285e-06
S250227e	BBH	2044.2880832877486	500.4899729514383	453534705.8898617	0.0	0.0	2.0096649204833894e-17	9.962419241656457e-15	0.515789751310099	0.48421024868989104
S250304cb	BBH	1752.0618125347291	1569.2494513639642	963408108.861252	0.0	0.0	1.6666395415462835e-18	1.0566842709351674e-16	0.9616631168128694	0.038336883187130466
S250319bu	BBH	4323.503652704974	2057.279267289437	8518133405.061743	0.0	0.0	2.5241022710254146e-20	1.8813493719753645e-18	0.999538416144448	0.00046158385555195025
S250326y	BBH	6193.460184287259	1687.3216666837181	11759264733.354223	0.0	0.0	0.0	2.5596987717017432e-11	0.9999938331392159	6.166835187171316e-06
S250328ae	BBH	491.4206596451986	20.659305095661658	403993.88201072207	0.0	0.0	0.0	1.138729204148862e-23	0.9984895342956571	0.0015104657043428782
S250331o	BBH	583.3992772270306	26.8090361534008	853931.7257662561	0.0	0.0	4.037416541904801e-105	1.7433037362344555e-65	0.9997247896856509	0.0002752103143490725
S250628am	BBH	1107.2063277183902	427.270456538727	81862891.25228336	0.0	0.0	2.004086440020674e-32	7.625836963532664e-11	0.9999999538719511	4.6051790603129916e-08
S250629ae	BBH	4512.6934401421195	3184.4824853726413	12610065389.441046	0.0	0.0	5.64214550479229e-23	1.0342695445650022e-13	0.978119053766254	0.021880946233642562
S250629bs	BBH	1793.2962729558062	3008.453314166648	1707370077.3960242	0.0	0.0	0.0	0.0	0.9404841034591784	0.05951589654082155
S250701bp	BBH	947.0252736280318	24219.73369438748	2459794201.604546	0.0	0.0	7.465058664427491e-66	6.663906339331087e-64	0.999999999824353	1.7564705245831647e-10
S250701bq	BBH	550.4904563248327	24219.422734491047	596456246.6410226	0.0	0.0	8.123456643845648e-102	7.230435775947311e-100	0.9999999997847393	2.1526069815536175e-10
S250702n	BBH	2045.3273278251772	1944.2287600007317	1996948285.1601603	0.0	0.0	1.2935385128874037e-18	9.492138814737295e-17	0.9888690428240031	0.01113095717599677
S250704ab	BBH	528.5312394105624	76.987812317677	2464609.8737242687	0.0	0.0	0.0	0.17438763458620343	0.8236627467230744	0.001949618690722188
S250705cb	BBH	1197.76130055303	509.8154578682389	140033533.876789	0.0	0.0	0.0	0.0	0.9945721728275656	0.005427827172434396
S250711q	BBH	9624.118238212435	2963.9839520134233	40622818415.083145	0.0	0.0	1.5517282933318817e-20	1.3154281365255148e-18	0.9985909872057733	0.0014090127942266717
S250712cd	BBH	2169.690478279075	305.62605630002884	316047443.21525955	0.0	0.0	0.0	0.0	0.9998891971324816	0.00011080286751841137
S250725j	BBH	476.08553254575105	28.049007824886825	616036.0304095368	0.0	0.0	1.4350474399641242e-28	9.941721815052312e-27	0.9999465933090254	5.3406690974644455e-05
S250725l	BBH	2154.8878424386003	1989.8596748164914	1923912285.6896243	0.0	0.0	0.0	0.0	0.9852815469285694	0.014718453071430604
S250726ak	BBH	3404.908143140924	1026.7056148956156	2361025738.227842	0.0	0.0	0.0	0.0	0.9999765236917494	2.347630825061397e-05
S250727cl	BBH	1819.351158558896	379.3193195881731	218840465.70104867	0.0	0.0	0.0	0.0	1.0	0.0
S250727dc	BBH	1171.6747389411612	23.26385335495595	4652241.715275941	0.0	0.0	6.422155497292764e-35	5.3770272240458654e-33	0.9999999999918396	8.160361275599826e-12
S250802dn	BBH	2878.709797578772	4470.356255728403	7960295300.272472	0.0	0.0	0.0	0.0	0.926962637	0.073037363
S250810ck	BBH	621.2917965580323	3454.12073465195	147643905.77471974	0.0	0.0	5.562407088521974e-35	0.0005885996058505594	0.9994114003937116	4.3787196091216174e-13
S250813k	BBH	934.1532858839012	18.005683406639285	2133841.5538209775	0.0	0.0	0.0	0.0	0.9970893220047151	0.0029106779952848827
S250814bg	BBH	13421.57960185256	7867.1036375325675	200468656538.4289	0.0	0.0	3.503435648765614e-17	2.7018489094999688e-15	0.005037153213038979	0.9949628467869582
S250818k	BNS	257.00867294341003	786.4136995996384	3868755.7996649933	0.8005802098765431	0.8005802098765431	0.29453192149752927	0.0	0.0	0.7054680785024707
S250818t	BBH	1303.283192988195	377.09823269783044	115074337.43715832	0.0	0.0	0.0	0.0	0.9999255083964101	7.449160358985463e-05
S250827fo	BBH	1053.8910261936956	966.9518603983831	184208408.6676627	0.0	0.0	0.0	0.0	0.9999077555649349	9.224443506505861e-05
S250827l	BBH	2110.500254011223	1144.9237162054158	1008130251.7386937	0.0	0.0	0.0	0.0	0.9999796568863225	2.0343113677490088e-05
S250830bp	BBH	422.59221033466287	10.536976609492783	163185.01935439536	0.0	0.0	0.0	0.0	0.9983206549635366	0.0016793450364633866
S250830m	BBH	3689.836614701372	3129.9167527479767	7604772456.200887	0.0	0.0	0.0	0.0	0.9787907771283169	0.021209222871683142
S250901cb	BBH	1945.1283736046796	698.3579575186778	536310365.61003566	0.0	0.0	3.458040496966184e-24	2.4518366867714124e-22	0.9999999048757418	9.512425824809156e-08
S250904ae	BBH	3301.580738124588	1020.6482918036215	2286322514.7581906	0.0	0.0	0.0	0.0	0.9999865248114037	1.3475188596290266e-05
S250904br	BBH	2729.7692553644574	372.6707345941501	554900102.9461554	0.0	0.0	0.0	0.0	0.9999795783054352	2.0421694564842774e-05
S250904cv	BBH	2400.566218688031	1236.9833565269612	1273365532.1204162	0.0	0.0	0.0	0.0	0.9996841227423003	0.00031587725769965935
S250906ca	BBH	1188.5303591657007	520.1823039338163	122573182.4171725	0.0	0.0	1.2794338669255935e-31	0.0005864784298535882	0.9994132149039674	3.0666617900632076e-07
S250908y	BBH	1266.226831838172	11001.924441988966	3148795333.7973313	0.0	0.0	7.567629161433654e-23	5.0079948339106546e-21	0.9998484770142113	0.00015152298578868795
S250911ac	BBH	1096.4074993447568	1011.5617796016566	184588733.61693695	6.442032849326718e-05	0.0	0.0	0.0	0.9635365487842076	0.03646345121579242
S250912f	BBH	2846.81775917547	393.2139296385981	595890444.1300213	0.0	0.0	4.23655442766012e-28	1.2328226127419444e-12	0.9992024536193752	0.0007975463793920001
S250917aq	BBH	686.5947418319223	5646.090544675379	331384505.68374085	0.0	0.0	1.6445421419578087e-40	0.0004600153012018444	0.9995396710935999	3.1360519825440747e-07
S250927ck	BBH	4080.5155693893626	177.41562871691755	716431016.4060959	0.0	0.0	1.0976416804438567e-22	1.2259793104432407e-20	0.9776052835939173	0.022394716406082704
S250927cy	BBH	4040.8133594805454	1550.7916946616353	5300082177.835518	0.0	0.0	9.11377121582436e-21	6.810545383144578e-19	0.9615186932535197	0.038481306746480315
S250929c	BBH	4373.40608455039	2197.42358586089	8554868401.623845	0.0	0.0	6.557209011441144e-19	4.815287232742329e-17	0.9827337066617697	0.017266293338230265
S251006dd	BBH	704.217060505841	108.63489199850727	6495322.8004812775	0.0	0.0	0.0	0.002666667	0.997333327	7e-09
S251013x	BBH	1935.5978591432122	1588.7863011994173	1135019808.2606435	0.0	0.0	3.521048145359496e-30	6.2906490761288536e-15	0.9879935249661544	0.012006475033839226
S251014cn	BBH	614.2317553565651	232.8156674499335	9280549.521336488	0.0	0.0	0.0	0.0	0.9982042314734335	0.001795768526566488
S251018bi	BBH	5386.275883049464	1462.7241253823877	7668331221.018226	0.0	0.0	0.0	0.0	0.9999933237478409	6.676252159110163e-06
S251021u	BBH	7117.812086787188	3741.8660024144974	28100579464.955833	0.0	0.0	0.0	0.0	0.9999181305392698	8.186946073018841e-05
S251026bn	BBH	1248.4599105517925	956.3280677292227	238452584.85280913	0.0	0.0	2.4307068415518885e-25	3.5624016728361885e-13	0.99999177329419	8.226705453751038e-06
S251031cq	BBH	2071.876238945733	708.9796103502847	592844700.708298	0.0	0.0	2.5978547973465153e-39	9.638977521282293e-16	0.9993683441275415	0.0006316558724575039
S251103f	BBH	2147.1686004060275	981.0518820015814	903698637.3097377	0.0	0.0	9.414194946996718e-28	6.84745999261278e-26	0.9999998728161428	1.271838572236561e-07
S251105aj	BBH	2064.864878229186	720.527581274542	583438584.4969403	0.0	0.0	0.0	0.0	0.9999951455056437	4.854494356276718e-06
S251108dn	BBH	1147.2345494570702	696.9682079646169	155538235.51015654	0.0	0.0	1.6886060889606241e-31	9.346905666616232e-05	0.999906530885513	5.7820859211688e-11
S251108fi	BBH	3479.4951927360885	1524.48692933503	3912309028.5120034	0.0	0.0	8.538780008390601e-26	2.0332852379036997e-16	0.9999972325361636	2.7674638362062964e-06
S251116en	BBH	1734.6601452002367	788.4763911915667	394551825.53999865	0.0	0.0	0.0	0.0	0.9999816986008506	1.830139914937856e-05
S251117dq	BBH	2195.266941669616	1700.656715312705	1386167788.6432073	0.0	0.0	3.6060918407457814e-39	3.107711211155609e-37	0.9999999780732316	2.1926768400959418e-08
